600874
973033
1936444
1925832
294717
1776631
1090279
1090279
63751
533760
1238267
2208434
1350834
986256
2197192
1425323
1164779
1464453
196633
764524
990759
185246
2251742
676083
327087
1478967
2036941
1922390
1060281
1170250
2108402
1877708
1999894
320823
648343
648343
739353
446503
49995
1260027
1922122
1156874
1910338
781781
1355185
133407
1452129
2304543
47422
1523197
1628998
1129357
188606
167818
798454
1681685
1706153
1719645
1463010
657119
1113834
2145223
1724651
1363965
2006987
1504582
948114
2177797
1806601
830144
1959075
1928122
2073896
1403150
915587
1345684
1627949
2255409
1278751
2289671
1975753
1826239
2161344
1685324
1797040
852227
1278841
923414
1137269
2295985
2074003
939283
1474668
879518
2118262
2119340
1107173
1583466
1276878
2311040
1951485
1823186
936930
1888375
2196418
1013317
2371268
2371296
990759